Year	 Jan	 Feb	 Mar	 Apr	 May	 Jun	 Jul	 Aug	 Sep	 Oct	 Nov	 Dec
1930	1.35	0.65	-0.21	-1.76	-1.21	-2.03	-1.83	-0.62	-1.16	-1.03	1.11	0.82
1931	-0.26	0.82	1.07	0.66	0.86	-0.59	-1.83	-2.51	-3.09	-3.35	-2.91	-3.05
1932	-2.81	-2.99	-2.74	-2.77	-3.35	-3.31	-3.62	-4.35	-4.69	-4.52	-4.69	-4.36
1933	-4.36	-4.3	-4.48	-3.02	-2.43	-3.03	-3.38	-2.02	-1.45	-2.22	-2.65	-2.13
1934	-2.42	-1.22	-1.78	-2.43	-3.75	-4.69	-5.71	-6.62	-6.45	-6.82	-6.67	-6.4
1935	-6.4	-5.97	-6.33	-5.92	-2.6	-2.34	-3.01	-3.56	-2.82	-2.9	-2.81	-2.81
1936	-2.75	-2.8	-3.08	-3.84	-3.93	-4.06	-4.66	-3.96	-2.98	-2.59	-2.86	-2.74
1937	-2.73	-2.52	-2.36	-2.62	-3.53	-2.84	-3.76	-4.74	-4.82	-4.8	-4.62	-3.89
1938	-3.56	-3.39	-3.07	-2.08	-1.24	-1.26	-1.15	-1.59	2.22	1.93	2	1.7
1939	2.19	2.56	2.65	2.08	1.16	-1.46	-2.51	-3.27	-3.84	-4.05	-4.04	-4.01
1940	-3.31	-2.88	-2.45	-2.45	-1.59	-2.31	-2.5	-3.21	-1.91	-2.37	-2.08	-1.95
1941	-1.36	-1.55	-0.61	1.52	2.06	3.1	4.38	4.47	5.74	6.95	6.16	5.83
1942	5.64	5.63	5.45	7.71	6.81	7.56	6.79	6.21	6.52	7.52	6.55	6.05
1943	5.51	4.65	4.09	2.83	3.13	2.32	1.19	0.59	-2.77	-3.1	-2.9	-2.42
1944	-1.49	-1.42	1.48	3.34	3.54	3.16	3.42	2.11	1.2	0.75	0.78	-1.55
1945	-0.82	-0.77	-1.32	0.68	-0.33	0.54	0.28	1.36	0.84	0.75	-0.49	-1.04
1946	-0.87	-1.04	-1.52	-2.33	-2.47	-3.41	-2.88	-1.94	-2.43	-2.1	2.94	2.27
1947	2.1	2.21	2.26	2.1	3.39	4.5	5.24	5.7	5.04	5.05	4.73	4.38
1948	4.75	4.64	4.94	4.47	4.19	4.9	4.15	3.91	2.55	1.62	1.32	0.9
1949	0.91	0.6	0.71	-1.62	-1.61	-0.63	1.13	-0.83	-1.67	-1.35	-2.27	-2.5
1950	-2.47	-2.7	-3.15	-3.59	-4.26	-4.91	-3.85	-4.44	-3.64	-4.37	-4.29	-4.48
1951	-3.99	-3.74	-3.67	-3.47	-3.64	-3.47	-4.03	-4.36	-4.58	-3.72	-3.04	-2.93
1952	-2.96	-2.82	-2.22	-1.58	-1.45	-2.79	-3.9	-2.61	-3	-3.56	-2.78	-2.72
1953	-2.87	-2.71	-3.12	-2.7	-2.26	-2.89	-3.44	-3.53	-4.45	-4.3	-4.06	-3.57
1954	-3.42	-4.04	-3.98	-5.31	-5.37	-6.27	-6.73	-6.6	-6.33	-6.02	-6.05	-5.63
1955	-5.31	-4.82	-4.81	-5.52	-4.74	-5.12	-5.99	-5.09	-4.9	-5.26	-4.95	-4.96
1956	-4.21	-3.97	-3.89	-3.99	-4.59	-5.59	-5.66	-5.49	-6.11	-6.24	-5.19	-4.78
1957	-4.34	-4.53	-4.05	-1.17	4.46	5.09	6.07	6.02	5.67	5.76	6.14	5.18
1958	4.75	4.17	4.52	4.15	4.98	5.23	6.05	5.09	4.81	4.27	3.59	2.93
1959	2.9	2.74	3.16	3.12	2.83	2.49	1.29	-1.69	-0.71	1.76	1.51	0.97
1960	1.33	2.21	2.19	1.4	1.15	-1.29	-1.36	-2.78	-3.06	-1.64	-1.7	-1.04
1961	-1.25	-0.95	1.2	0.85	-0.22	0.82	0.94	1.46	2.74	2.31	2.2	1.89
1962	1.98	1.68	1.52	0.6	-1.61	-1.49	-1.31	-2.6	-2.95	-3.19	-2.9	-3.05
1963	-2.67	-2.98	-2.82	-4.16	-5.53	-5.71	-6.43	-4.38	-2.81	-3.62	-3.57	-3.25
1964	-3.18	-2.8	-2.27	-2.94	-3.12	-3.78	-4.7	-5.04	-5.07	-5.46	-5.08	-4.94
1965	-4.78	-4.05	-3.48	-3.51	-3.73	-0.92	3.23	4.15	4.68	4.12	2.94	2.41
1966	2.31	2.07	1.02	-1.97	-3.18	-3.84	-3.36	-3.53	-3.01	-3.02	-3.34	-3.34
1967	-3.04	-3.05	-3.85	-3.68	-2.85	-1.21	2.77	2.5	2.07	1.57	1.15	1.3
1968	1.01	0.91	-0.41	-0.77	-1.21	-2.34	-1.31	-1.12	-1.38	-1.77	-1.4	-1.38
1969	-1.6	-1.78	-1.5	-2.07	-0.69	1.95	1.77	1.44	1.25	3.26	3.01	2.97
1970	2.51	1.83	2.17	2.01	1.02	1.31	1.23	0.8	1.22	1.72	1.67	1.03
1971	1.05	1.19	0.76	0.79	-0.16	-1.52	-1.49	-2.13	-1.24	-1.44	-1.45	-1.64
1972	-1.52	-1.64	-2.32	-2.61	-3.17	-2.99	-3.11	-2.91	-2	-2.17	2.28	2.39
1973	2.38	1.93	2.52	3.57	5.57	5.07	5.97	4.64	5.14	4.47	3.75	4.26
1974	4.13	3.86	3.26	2.95	1.36	1.12	0.8	-2.13	-2.25	-1.87	-1.54	-1.36
1975	-1.39	-1.37	-1.61	-1.88	-1.72	-1.56	-1.89	-2.22	-2.75	-3.18	-2.14	-2.3
1976	-2.16	-2.37	-2.29	-2.34	-2.67	-3.29	-3.54	-3.58	-2.02	-1.58	-1.63	-1.82
1977	-1.91	-2.04	-1.88	-1.44	-1.82	-2.45	-2	-1.72	-2.5	-3.01	-2.58	-2.66
1978	-2.57	-2.46	-2.69	-3.33	-2.21	-2.23	-3.38	-3.65	-4.36	-4.12	-3.85	-3.31
1979	-2.73	-2.67	-1.58	-1.43	1.64	2.16	2.12	2.28	1.76	1.28	1.99	2.73
1980	2.81	2.58	2.88	3.74	5.25	4.79	4.21	3.74	3.21	2.25	1.88	0.72
1981	-2.04	-2.08	-1.13	-2.41	-1.75	-2.27	-2.43	-1.15	-1.51	-1.78	-2.3	-1.91
1982	-1.87	-1.8	-2.14	-2.8	-1.85	1.82	2.13	2.38	3.11	2.63	2.28	2.58
1983	2.14	1.85	3.29	3.42	3.77	4.81	4.61	5.25	4.27	3.56	3.99	3.83
1984	3.66	3.66	4.3	4.96	3.98	3.99	4.11	5.53	5.02	6.89	6.1	5.68
1985	5.46	5.25	5.04	4.88	4.97	4.58	5.85	4.83	5.52	4.9	4.93	4.53
1986	3.57	3.01	1.72	1.34	-2.26	-2.05	-1.88	-0.68	-0.91	1.1	1.19	1.17
1987	1.49	2.77	3.05	2.22	3.98	4.89	4.29	5.1	4.47	3.85	3.73	3.78
1988	3.84	3.57	3.23	2.4	2.34	2.19	1.83	1.19	0.98	-1.39	-1.56	-1.15
1989	-0.82	0.23	-0.76	-1.49	-1.98	-1.29	-1.81	-1.99	-1.25	-1.6	-1.98	-1.77
1990	-1.16	-0.89	1.6	1.44	1.92	1.2	2.81	2.25	2.76	2.89	2.75	2.23
1991	2.01	1.29	1.11	0.85	-1.02	-1.06	0.93	2.12	1.61	1.28	2.99	2.86
1992	3.13	2.57	3.58	2.5	1.48	2.54	2.19	3.16	2.17	1.49	2.43	2.22
1993	2.14	2.18	2.01	1.99	1.85	1.87	1.49	1.72	2.3	2.91	3.39	2.94
1994	2.93	2.5	2.26	2.69	3.01	3.04	2.02	2.94	2.65	3.55	3.46	2.86
1995	2.67	2.54	2.52	3.83	5.98	7.98	8.05	7.58	7.84	6.8	5.79	4.9
1996	4.5	3.85	3.89	3.12	3.06	2.76	3.45	3.05	3.9	3.2	2.67	2.14
1997	1.94	2.01	1.18	1.79	1.18	2.43	2.67	3.78	3.87	5.02	5.24	5.16
1998	4.54	4.48	4.54	4.94	4.26	4.06	6.78	6.56	6.05	5.74	5.24	4.64
1999	4.12	3.35	2.26	5.41	6.89	7.2	7.53	9.07	8.57	7.65	6.58	5.99
2000	5.69	4.94	5.69	4.8	4.07	3.28	2.97	3.1	2.85	2.85	2.63	2.18
2001	2.33	2.13	2.05	1.48	2.78	2.35	2.41	1.7	1.44	0.57	0.82	-0.22
2002	0.19	-0.63	-0.75	-2.03	-3.11	-3.69	-4.97	-5.52	-4.62	-4.07	-4.03	-3.92
2003	-3.87	-3.32	-1.61	-1.46	-1.81	-0.58	-1.59	-2	-2.24	-2.87	-2.86	-2.92
2004	-2.51	-1.99	-2.79	-2.03	-3.15	-2.32	-1.25	2.05	1.34	0.66	0.83	-0.21
2005	0.18	-0.92	-0.88	0.34	-0.87	-1	-2.35	-1.86	-2.39	-1.44	-1.79	-1.61
2006	-1.69	-1.83	-1.89	-3.16	-4.36	-5.23	-3.77	-2.83	-1.57	3.26	2.72	4.32
2007	4.56	4.34	3.42	4.2	4.69	4.27	3.55	4.31	3.25	2.45	1.67	1.88
2008	1.82	1.68	1.4	0.91	-1.85	-2.65	-3.76	-1.97	-1.47	-1.65	-1.69	-1.55
2009	-1.53	-1.9	-2.03	-1.25	-1.64	-0.73	1.42	1.03	1.77	2.4	2.16	2.19
2010	1.71	1.8	1.97	1.88	1.04	-1.51	-0.73	-0.67	-1.73	-2.25	-2.09	-2.15
2011	-2.09	-1.83	-2.29	-2.79	-2.74	-4	-3.97	-4.34	-2.96	-2.55	-2.47	-1.94
2012	-2.16	-1.11	-2.33	-2.97	-4.08	-5.21	-5.38	-6.79	-5.92	-5.76	-5.92	-5.55
2013	-5.22	-4.03	-3.97	-4.23	-4.37	-5.25	-4.61	-3.55	-0.8	2.87	2.3	1.76
2014	1.65	1.6	0.96	-1.16	-2.03	-2.89	2.68	2.46	1.67	2.62	2.3	2.06
2015	2.45	3.06	2.77	2.04	6.08	7.11	7.56	1.5	-1.61	-2.36	-2.87	-2.62
