"","YEAR","JAN","FEB","MAR","APR","MAY","JUN","JUL","AUG","SEP","OCT","NOV","DEC"
"1",1932,1.65,1.53,1.47,2.29,1.86,1.51,1.94,2.12,1.91,1.43,1.65,1.68
"2",1933,1.53,1.4,1.29,1.05,1.28,1.87,2.07,1.44,2.02,2.97,2.74,3.68
"3",1934,3.4,3.26,2.98,4.14,3.66,3.84,4.2,3.84,3.07,3.99,4.04,3.73
"4",1935,3.45,3.21,2.95,2.3,2.02,4.13,4.35,4.19,3.65,3.42,3.14,2.83
"5",1936,2.61,2.41,2.21,3.3,2.91,3.17,3.73,3.61,3.35,2.3,2.41,2.19
"6",1937,2.01,1.86,1.74,2.16,1.8,1.24,1.8,2.88,3.08,3.01,2.87,2.6
"7",1938,2.38,2.2,2.03,2.6,1.92,1.73,1.15,1.71,1.12,1.53,1.24,1.06
"8",1939,0.97,0.94,0.9,1.34,1.17,1.38,2.24,2.1,2.63,3.06,2.98,3.47
"9",1940,3.22,2.98,2.83,3.16,2.69,3,3.1,3.06,2.72,3.18,2.89,2.61
"10",1941,2.43,2.26,2.16,1.72,2.29,-0.22,-0.38,-0.35,-0.41,-0.68,0.38,0.4
"11",1942,0.4,0.39,0.39,1.54,-0.15,-0.28,-0.29,-0.35,-0.49,-0.61,0.36,0.36
"12",1943,0.31,0.29,0.28,2.16,1.43,1.03,1.4,2.14,2.09,2.23,2.36,-0.02
"13",1944,0,0.01,0.11,-0.51,0.84,0.62,-0.28,0.38,0.68,1.16,1.29,-0.04
"14",1945,-0.04,-0.04,-0.04,-0.5,-0.29,-0.63,-0.87,-1.04,-1.19,0.51,0.73,0.57
"15",1946,0.51,0.48,0.44,2.94,-0.24,-0.11,-0.2,-0.35,-0.42,-0.53,-0.62,-0.64
"16",1947,-0.64,-0.63,-0.61,-0.79,-0.61,-0.91,-1.03,0.52,1.34,1.93,1.58,1.38
"17",1948,1.28,1.17,1.15,2.69,2.33,1.94,1.74,2.23,2.85,2.85,2.62,2.34
"18",1949,2.2,2.02,1.96,2.34,-0.15,-0.3,-0.25,-0.12,-0.08,-0.18,-0.56,1.07
"19",1950,0.97,0.93,0.86,1.48,-0.18,-0.16,-0.57,-0.75,-1,1.92,1.86,-0.03
"20",1951,-0.03,-0.03,-0.03,-0.31,0.69,-0.54,-0.6,-0.76,-0.84,-1.11,-1.13,-1.15
"21",1952,-1.14,0.01,0.09,0.07,0.09,0.74,0.82,0.9,1.6,2.02,-0.09,-0.13
"22",1953,-0.13,-0.11,-0.12,-0.45,0.42,0.87,1.07,0.57,1.39,1.75,1.94,1.76
"23",1954,1.6,1.49,1.43,3.94,3.37,3.95,4.6,4.71,5.07,4.82,4.69,4.86
"24",1955,4.49,4.17,3.88,4.85,4.38,3.54,4.24,4.3,4.1,4.39,4.07,3.7
"25",1956,3.43,3.18,2.96,2.86,2.85,3.94,3.38,2.31,3.23,4.14,-0.08,-0.11
"26",1957,-0.11,-0.1,-0.09,-0.59,-0.43,-0.58,-0.66,-0.66,-0.75,-0.91,-0.95,-0.96
"27",1958,-0.95,-0.92,-0.88,-1.1,0.98,1.32,0.43,1.17,1.46,1.76,1.85,1.64
"28",1959,1.54,1.44,1.45,1.27,1.44,1.87,1.82,2.15,1.83,0.87,0.82,0.67
"29",1960,0.61,0.6,0.6,1.69,1.25,1.38,0.92,1.6,2,1.98,2.03,1.81
"30",1961,1.64,1.52,1.51,0.93,1.68,0,-0.14,-0.17,-0.56,-0.61,-0.65,-0.68
"31",1962,0,0,0.01,1.41,1.35,-0.11,-0.25,0.67,0.68,1.19,1.4,1.25
"32",1963,1.16,1.07,1.03,2.36,2.33,2.56,3.27,2.52,2.83,3.73,3.8,3.51
"33",1964,3.25,3.04,2.88,3.1,2.81,2.43,2.85,2.51,2.4,2.67,2.59,2.32
"34",1965,2.18,2.06,2,3.45,-0.07,-0.31,-0.44,-0.61,-1.09,0.77,0.63,1.69
"35",1966,1.56,1.45,1.31,1.65,1.64,1.7,2.22,-0.21,-0.23,-0.25,-0.13,-0.16
"36",1967,-0.15,-0.15,-0.16,-2.04,-2.2,-2.58,-2.94,-3.18,-3.22,-3.02,-2.91,-2.89
"37",1968,-2.85,-2.8,-2.76,-2.84,-2.62,-2.35,-2.45,-2.56,-2.43,-2.14,-2.14,-2.14
"38",1969,-2.11,-2.08,-2.02,-1.31,-1.36,-1.7,-1.65,-1.45,-1.33,-2.02,-2.19,-2.19
"39",1970,-2.17,-2.13,-2.07,-2.16,-1.77,-1.84,-1.89,-1.66,-1.67,-1.99,-1.9,-1.9
"40",1971,-1.87,-1.83,-1.8,-1.63,-1.79,-1.55,-1.68,-1.53,-1.81,-1.81,-1.73,-1.74
"41",1972,-1.71,-1.68,-1.68,-3.81,-3.87,-3.76,-3.91,-3.94,-4.01,-4.03,-4.09,-4.05
"42",1973,-3.98,-3.92,-3.81,-4.05,-3.8,-3.72,-3.88,-3.6,-3.81,0.31,0.32,0.24
"43",1974,0.2,0.19,0.2,0.33,0.44,0.53,0.64,-0.21,-0.37,-0.21,-0.2,-0.23
"44",1975,-0.24,-0.23,-0.22,-0.22,-0.2,-0.32,-0.37,0.43,0.11,1.03,0.88,0.72
"45",1976,0.65,0.61,0.57,1.45,-0.12,-0.15,-0.08,-0.07,-0.23,-0.44,-0.42,-0.43
"46",1977,-0.43,-0.41,0.01,0.69,0.6,1.13,1.16,0.58,1.38,1.7,1.63,1.43
"47",1978,1.3,1.2,1.07,2.04,1.43,1.25,1.68,1.39,1.98,2.35,2.18,1.94
"48",1979,1.79,1.65,1.64,2.13,-0.19,-0.24,-0.23,-0.43,0.68,1.05,-0.11,-0.14
"49",1980,-0.14,-0.14,-0.11,-0.2,0.37,1.03,1.38,1.46,1.95,1.67,1.75,1.59
"50",1981,1.46,1.36,1.44,3.93,3.1,2.93,2.57,1.77,2.31,1.9,1.93,2.39
"51",1982,2.2,2.03,1.85,2.82,-0.15,-0.43,-0.52,-0.49,-0.65,-0.81,-0.88,-0.89
"52",1983,-0.89,-0.88,-0.8,-1.29,-1.17,-1.46,-1.52,-1.36,-1.08,-0.92,-0.9,-0.87
"53",1984,-0.86,-0.84,-0.79,-1.24,-0.93,-1,-1.02,-1.09,-1.21,-1.76,-1.87,-1.87
"54",1985,-1.84,-1.81,-1.78,-1.34,-1.39,-1.36,-1.48,-1.29,-1.64,-1.68,-1.77,-1.78
"55",1986,-1.75,-1.72,-1.72,-4.3,-4.32,-4.16,-4.06,-4.06,-4.16,-4.28,0.1,-0.04
"56",1987,-0.05,0.04,0.08,1.99,1.53,1.52,1.84,1.12,0.68,0.67,0.57,0.44
"57",1988,0.39,0.35,0.33,1.62,1.35,1.68,1.83,2.13,1.73,1.99,2.06,-0.03
"58",1989,-0.02,-0.02,-0.04,-0.24,-0.26,-0.45,-0.4,-0.49,-0.53,-0.56,0.36,0.33
"59",1990,0.32,0.28,0.33,1.13,0.74,1.61,0.57,0.34,0.67,0.78,1.02,0.87
"60",1991,0.77,0.71,0.66,0.66,0.82,0.89,-0.22,-0.39,-0.44,-0.4,-0.51,-0.52
"61",1992,-0.5,-0.48,0.12,2.29,0,-0.18,-0.6,-0.86,0.44,1.07,-0.12,-0.15
"62",1993,-0.15,-0.14,-0.14,-0.12,-0.07,-0.14,-0.26,-0.55,-0.74,-0.98,-1.06,-1.08
"63",1994,0,-0.01,-0.03,0.51,0.59,1.5,1.66,2.27,2.91,-0.2,-0.23,-0.25
"64",1995,-0.24,-0.23,-0.22,-0.53,-0.01,0.03,-0.12,1,-0.07,-0.19,0.29,0.21
"65",1996,0.18,0.15,0.17,1.13,0.88,1.07,-0.12,-0.01,-0.21,-0.16,-0.15,-0.18
"66",1997,-0.17,-0.16,-0.18,-0.93,0.73,0.88,1.53,-0.25,-0.09,-0.12,-0.19,-0.22
"67",1998,-0.22,-0.21,-0.2,-0.21,0.77,-0.08,0.13,0.26,1.5,-0.14,-0.04,-0.08
"68",1999,-0.08,-0.08,-0.1,-0.53,0.4,-0.18,-0.1,-0.2,-0.42,-0.25,-0.58,1.08
"69",2000,0.98,0.92,0.93,2.32,2.09,2.1,2.48,2.97,2.71,2.34,1.82,1.59
"70",2001,1.46,1.36,1.34,1.83,1.29,1.39,1.73,1.92,2.4,2.27,2.48,2.28
"71",2002,2.1,1.95,1.86,3.34,2.9,3.49,4.18,4.29,4.06,2.84,2.55,2.28
"72",2003,2.11,1.98,2,3.24,2.72,1.8,3.16,3.68,2.99,3.66,-0.04,-0.06
"73",2004,-0.07,-0.07,-0.08,-1.12,-1.17,-1.35,-1.6,-1.8,-1.68,-1.67,-1.69,-1.69
"74",2005,-1.66,-1.64,-1.6,-1.7,0.64,0.46,1.35,0.99,1.65,1.42,1.69,1.56
"75",2006,1.42,1.31,1.29,2.93,2.69,3.13,0,-0.2,-0.54,-0.76,0.25,-0.02
"76",2007,-0.02,-0.02,-0.03,-0.08,0.54,-0.01,0.38,0.85,1.03,1.28,1.52,1.4
"77",2008,1.27,1.19,1.09,0.93,1.22,1.15,1.87,-0.28,-0.5,-0.55,0.34,-0.02
"78",2009,-0.02,-0.03,-0.03,-0.1,0.61,-0.27,-0.5,-0.65,-0.78,-1.39,-1.47,-1.48
"79",2010,-1.47,-1.44,-1.4,-1.16,-1.35,-1.34,-1.38,0.34,1.38,1.68,1.68,1.5
"80",2011,1.39,1.29,1.15,1.49,0.72,0.78,1.27,2.4,-0.08,-0.12,-0.05,-0.09
"81",2012,-0.09,-0.05,-0.09,-2.41,-2.39,-1.96,-1.64,-1.36,-1.24,-1.49,-1.32,-1.3
"82",2013,-1.29,-1.25,-1.2,-1.55,-1.29,-1.08,-1.24,-1.17,-1.15,-1.55,-1.49,-1.5
"83",2014,-1.48,-1.46,-1.44,-1.36,-1.47,-1.58,-1.78,-2.09,-2.08,-2.02,-2.03,-2.03
