GM28B   1909  2310
GM28B   1910  1970  2970  2880  3190  4200  2500  3100  3470  2910  4100
GM28B   1920  4010  3490  3820  3710  3140  2230  2580  3030  3990  2680
GM28B   1930  3060  1680  1850  2300  2090  1880  1680  2190  2100  3510
GM28B   1940  3160  2060  2360  1690  2580  1840  1380  2230  2380  2080
GM28B   1950  2340  2380  2640  2270   650  1800  2270  1420  1620   740
GM28B   1960  1560   730  1290  1570  1440  1920  2020   930  1300  1570
GM28B   1970  1440  1430  1590  1290  1080  1490  1820  1400   810  1730
GM28B   1980  1100  1360  1060  2170  1540  1470  1790  1990  1470  1780
GM28B   1990  1200  1120  1330  2120  3160  2190  1680  2110  1500  2070
GM28B   2000  2030  2320  1040  1590  1700  1370   250  1460   910  1580
GM28B   2010  1510  1780  2190  1300  1970  1980 -9999
GM28C   1877  4440  3290  2880
GM28C   1880  3210  4440  3530  2080  2460  2130  1710  3960  3230  2590
GM28C   1890  2470  3130  2470  1500  1490  2290  2290  2810  2000  2350
GM28C   1900   900  1960  1790  2070  2850   500  1450  1380  2220  1870
GM28C   1910  2450  2320  2200  3520  4510  2930  3140  3730  4090  4000
GM28C   1920  4650  3780  3660  4510  2630  3110  4170  3110  1920  2240
GM28C   1930  1900  1930  2390  2450  2070  2530  1660  3170  3150  3170
GM28C   1940  3200  1340  2620  2390  3030  2270  1100  2110  2340  2370
GM28C   1950  2000  2590  1840  2090  1030  1560  2010  1310  1310   600
GM28C   1960  1420   840  1250  1190  1330  1440  1320   820  1500  1560
GM28C   1970  1650  1330  1340  1150   900   900  1540  1470  1130  1530
GM28C   1980  1260  1530  1090  1120  1370  1560  2130  2090  1520  1670
GM28C   1990  1540  1690  1500  1770  2750  1710  1260  1610   960  1880
GM28C   2000  2080  2720  1770  2630  2500  2610  1830  2320  1370  1640
GM28C   2010  1580  1230  1310  1210  1820  2100 -9999
GM29A   1920  5870  7030  9350  5440  2670  2200  4080  3730  3630  1850
GM29A   1930  2130   530  1690  1670  1130  1740   910  1300  2450  2350
GM29A   1940  2200  1710  2030  4230  2920  2220   760  1480  1340  1720
GM29A   1950  1360  2170  2860  2330  1440  1190  1300   850   370   280
GM29A   1960   470   240   570   700  1020  1660  1630  1380  1280  1390
GM29A   1970  1670  1840  1590   960   960  1120  1160   620  1710  1480
GM29A   1980   530   900  1790  1320   780  1010   950   860   670  1010
GM29A   1990  1200  1500  1600  1310  1810  2370  1940  1610  1490  3740
GM29A   2000  4190  4100  1280  1290  1790  2650  1590  2380  1840  3090
GM29A   2010  3880  2790  2360  1550  2090  2200 -9999
GM30A   1878  7760  5050
GM30A   1880  3370  3270   970   460  1500  2200  1000  3130  3160  2840
GM30A   1890  2160  3380  3460  2370  3030  2520  2580  2120  1720  1170
GM30A   1900   810  1880  1820  1820  2140  1260  1570  1790  2040  1830
GM30A   1910  2960  3640  3610  3100  3310  2010  2450  2750  1900  2770
GM30A   1920  3450  2780  1560  1970  2390  1510  1720  1760  1320  1710
GM30A   1930  1230   600   940   980   790  1570   630  1060  1210  1200
GM30A   1940  1220   900  1070  1670  1780  1910  1010  1330  1360  1300
GM30A   1950   940  1000   590  1010   610   890  1020   720   520   420
GM30A   1960   520   330   350   560   420   650   860   900  1040   970
GM30A   1970   850   930   650   540   470   710   790   510   760   840
GM30A   1980   530   660   990   850   720   330   740   600   570   540
GM30A   1990  1110   930   660   650   910  1050   970   860   590   670
GM30A   2000  1100  1350   850   840   750   390   170   500   520   910
GM30A   2010   550   730  1230  1000  1170  1100 -9999
GM30B   1972  2560  3580  1800  1070  1950  3330  3640  1690
GM30B   1980  2530  1140  1220  2070  1280   730  1300  1210  1150  1100
GM30B   1990   550   560    80   380   310   450   480   260   570  1020
GM30B   2000   690  1110   640   810   730   640   100   410   340   560
GM30B   2010   220   350   270   330   870  1040 -9999
GM31B   1910 11110 11450  6460  7390  8700  5050  6510  3470  3140  3940
GM31B   1920  4970  5120  3390  3610  3440  2270  2570  3030  2920   980
GM31B   1930  1130  1040  2890  2410  3660  3170  2250  2330  2030  2420
GM31B   1940  2560  2010  3300  4080  4070  2260  1470  3720  3830  3830
GM31B   1950  3220  3640  4300  2570  1910  3410  3540  3920  3290  1240
GM31B   1960  2100  1170  2000  2180  2050  4420  4400  3170  3820  5620
GM31B   1970  3740  2820  3650  2996  2996  1870  2940  5410  4380  2980
GM31B   1980  3580  2430  1710  3650  3000  2750  2410  2310  1970  1370
GM31B   1990  2390  2420  2450  2870  4270  3780  1950  2430  1670  1430
GM31B   2000  2860  5150  2720  1250  2090  2140  1190  2150  1680  2090
GM31B   2010  3310  2830  1400   910  1210  1460 -9999
GM32A   1849  1600
GM32A   1850  1360  1600  1370  3280  7610  6300  5900  3540  4520  3050
GM32A   1860  2800  3710  3660  4600  3510  3410  1110  3180  4980  2910
GM32A   1870  2390  2690  3520  4130  3370  2550  3850  3770  4360  3720
GM32A   1880  6090  6690  5810  2650  3150  4390  5020  7840  2760  2350
GM32A   1890  2720  2390  2630  2650  2440  3010  2700  3210  2720  2730
GM32A   1900  1580  2030  1440  1320  1720  2770  2700  2840  3170  3180
GM32A   1910  1890  2160  2200  1280  2700  1800  1630  2220  2570  2390
GM32A   1920  3180  2420  2290  1890  1850  1350  2460  1820  2430  1920
GM32A   1930  1930   680  1760  2060  1840  2000  1960  1970  2420  3230
GM32A   1940  2050  1730  2000  1890  1930  1600  1470  1300  2300  3560
GM32A   1950  3240  2520  3000  2390  1890  2050  1960  1290  1370  1490
GM32A   1960  1440   960  1800  2146  2146  1970  2240  2320  1940  2030
GM32A   1970  1880  2890  4410  1590  1140  1840  2810  3270  2240  2120
GM32A   1980  1480  1110  2300  1520  1040  1590  1680  2220  1520  1790
GM32A   1990  1700  1980  2310  1750  1750  1700  1530  1210  1420  1610
GM32A   2000  2010  2190  1410  1630  1910  1430  1010  1630   940   930
GM32A   2010  1360  1420  1420  1460  1510 -9999
GM32B   1826  4080  2680  1960  3320
GM32B   1830  3430  4240  3190  2200  2060  1140   380   810   580   730
GM32B   1840   600   720  1090  1040  1090  1720  1290   500  1000   730
GM32B   1850   840   660  1080  1540  8270  8360  5750  3660  4120  2940
GM32B   1860  3770  3300  4010  4410  2720  3620  1250  3570  4320  3260
GM32B   1870  2270  3430  3650  3870  5580  3590  3890  4580  5400  3820
GM32B   1880  5570  6290  6290  2880  3330  5640  4790  3220  5730  3400
GM32B   1890  2410  2940  3410  2430  1970  2180  2520  2470  2680  2180
GM32B   1900  1950  1640  2870  2090  1830  2760  2780  1890  2220  1510
GM32B   1910  1450  1840  2560  1990  3630  2120  1950  2350  1660  2420
GM32B   1920  3060  2910  2760  2010  1760  1700  2490  2610  2310  1350
GM32B   1930  2410   720  1990  2100  1800  2380  1780  2520  2530  3180
GM32B   1940  1840  2040  1860  1510  2230  1800  1110  2210  2140  3020
GM32B   1950  2710  2980  2430  2090  1460  1380  1960  1420  1300  1260
GM32B   1960  1440   810  1980  2100  1920  2920  2400  2000  1930  1490
GM32B   1970  1720  2200  2060  1300  1710  2910  3040  3080  2630  2080
GM32B   1980  1110  1190  2140  2250  1320  1680  2110  2850  1440  1660
GM32B   1990  1410  1230  1620  2190  2320  2000  1200  1330  1080  1700
GM32B   2000  2140  2190  1270  1680  1910  1350   680  1040   600   560
GM32B   2010   790  1360   640   910  1230  1540 -9999
GM33A   1961  2610  3240  2500  2730  3850  1890  2150  2550  3050
GM33A   1970  3660  3190  6110  4510  2510  1540  2060  3210  2310  2340
GM33A   1980  3000  1620  1770  1760  1100  1860  1690  1670   540   760
GM33A   1990   790   570   420   410   880   860   530   960   740   970
GM33A   2000   600  1010   830  1130  1130  1240   710   990   720  1180
GM33A   2010  1070   820   970   800  1290  1030 -9999
GM33B   1885  1110  1040  1830  1980  1690
GM33B   1890  1430  1040  5150  3990  3990  3980  2090  3270  1730  2510
GM33B   1900  2520  2480  4200  4490  4130  3530  2960  4090  4300  4050
GM33B   1910  4180  2140  1470  2860  3060  2720  3580  2610  2020  2010
GM33B   1920  1690  1730  2460  2430  1600  2140  2810  1720  2490  2080
GM33B   1930  2270  1530  2112  2112  2112  2112  2112  1990  2200  2430
GM33B   1940  2270  1980  2500  2080  2260  1640  1350  2250  2430  2460
GM33B   1950  1650  1330  1220  1260   970  1990  2350  1640  2650  1900
GM33B   1960  2330  1420  2110  3050  2780  3850  3880  2510  2330  2560
GM33B   1970  3570  2540  3470  1860  1130  1980  3390  1250  2340  1540
GM33B   1980  2580  1250  1090  2100  1460   650  1250  1300  1010  1120
GM33B   1990   630   520   610   110   330   310   460   680   560  1000
GM33B   2000   730  1080   670   770   680   760   120   470   290   530
GM33B   2010   230   340   320   430   740  1100 -9999
GM34A   1868  5530  3590
GM34A   1870  5600  4980  4040  5370  3290  5950  7180  7040  4010  5960
GM34A   1880  6350  7640  3590  3990  4450  3340  3080  6260  3250  1870
GM34A   1890  2730  3850  3130  2280  1570  1690  1950  1950  2610  4070
GM34A   1900  2150  2100  3980  3120  3020  1650  1500  1390  1170  1260
GM34A   1910  1000  1900  3390  3160  4060  1360   480  2100  2260  2450
GM34A   1920  2730  2140  1680  1080  1470   750  1780  1200  1030   900
GM34A   1930   740   150   760   900  1420  2110  1260  1570  2140  2140
GM34A   1940  1510   870   950  1630  2020  1450  1850  1690  2550  2400
GM34A   1950  2660  1550  1290  1130  1020  1380  1320  1380  1190  1820
GM34A   1960   650   540   910  1060  1450  2010  2360  1480  1570  1910
GM34A   1970  1080   740   280   660  1090   910  1040  1530  1150  1140
GM34A   1980  1230  1630  1090   540   820   950  1300  1650  1550  1590
GM34A   1990  1740  1390  1070  1540  1230  1940  1940  1300  3520  1640
GM34A   2000  1420  2560  1410  1110   790  1640   840  2180   790   900
GM34A   2010   800   880   540   890  1290   910 -9999
GM35A   1856 11410  7570  4270  5150  3570
GM35A   1860  5010  3720  3270  3550  3180  2890  4650  4900  3980  3360
GM35A   1870  4670  3680  2830  4050  4250  4480  5970  6140  4810  4830
GM35A   1880  6200  5520  3530  2630  4630  3490  2530  4850  3300  2690
GM35A   1890  3630  4160  2220  1380  1910  2230  2300  3190  2960  1970
GM35A   1900   710   560  2320  2560  3820  2110  2600  2030  2410  2170
GM35A   1910  2670  2960  3870  5470  4140  1240   310  2320  2710  3740
GM35A   1920  3820  2410  1000  1000  1050   730  1310  1820  1300  1150
GM35A   1930  1160   820  3170  3540  2520  1910  2240  2230  1650  2460
GM35A   1940   970  1560  1750  1620  1370  1140   390   980  1470  1830
GM35A   1950  1780  2030  1330   970   740  1220  1370  1470  1520  1380
GM35A   1960  2060  1490  2240  2050  1560  2130  2000  1510   830  1490
GM35A   1970  1780  1910  2020  1230  1720  2530  1900  2070  1540  1910
GM35A   1980  1050  1060  1850  1890  2490  2530  2720  3760  3060  3250
GM35A   1990  3340  2140  1830  1780  3200  3110  2030  2630  1200  1970
GM35A   2000  2170  1670  1140  2000  1980  1560   990  1140  2070  1930
GM35A   2010  2120  1520  1020  1450  1550 -9999
GM35B   1853   900  7740  5730  9650  7380  3110  4790
GM35B   1860  3520  5720  3360  3610  2480  2750  2870  4110  5880  3870
GM35B   1870  3470  3150  2880  2970  4370  3880  4280  4720  4620  3880
GM35B   1880  5720  6390  6190  2880  2440  4210  3500  3600  2730  2040
GM35B   1890  2760  4560  3340  3390  3060  3070  2950  2530  2330  2290
GM35B   1900  1140  2310  2390  3030  3510  1850  2830  2610  2460  1550
GM35B   1910  2420  3430  3280  4510  5220  2730   410  2880  3030  3470
GM35B   1920  3570  2960  2000  1900  1400  1200  1800  1770  1930  1330
GM35B   1930  1210   910  2390  2720  3320  3940  3430  2740  2810  2830
GM35B   1940  1640  1250  1100  1400  1800  1350  1040  1260  1270  2060
GM35B   1950  1880  2180  1760  1390  1020  1380  1440  1130  1270  1220
GM35B   1960  1270   900  1410  2300  2320  3130  2600  1790  1220  1570
GM35B   1970  1430  1100  1230  1040  1380  2070  2550  2450  1890  2590
GM35B   1980  1970  1800  2290  1480  1910  1970  2260  2580  2630  3010
GM35B   1990  3610  3260  1740  1280  1820  2110  1780  2660  1770  2830
GM35B   2000  2220  1620  1310  1530  1280  1200  1160  1520  1150  1580
GM35B   2010  1430  1290   700   770   780  1050 -9999
