GM12A   1885  3480  4300  3070  2350  8210
GM12A   1890  8240  8810  9170  4970  8570  5040  4760  9120  7850  8080
GM12A   1900  3520  8190  5720  9810  6780  7380  5420  5810  6610  7870
GM12A   1910  7930  5810  3910  5830  5230  3900  3380  5110  5540  3780
GM12A   1920  4490  3370  4380  4340  2660  3140  3610  4380  6270  5840
GM12A   1930  4820  3670  2920  3430  2810  3140  2870  3720  5470  4430
GM12A   1940  3760  3270  3450  4570  5350  3650  3070  3760  3130  3820
GM12A   1950  4120  5550  5510  4750  1800  4480  4290  2610  2910  2070
GM12A   1960  2290  1370  2730  4670  2680  2500  3090  2620  1860  3140
GM12A   1970  3590  4210  2940  3860  3200  1870  2910  3100  2990  3070
GM12A   1980  2510  3340  4520  3400  4130  3830  2990  3980  2320  2330
GM12A   1990  2440  1190  2190  2560  2770  2350  2390  3780  2680  2970
GM12A   2000  4290  4430  2730  2210  3070  1930  1570  3060  1870  2970
GM12A   2010  2470  2640  2540  1440  1820 -9999
GM12B   1888  6000  8800
GM12B   1890  8420  3820  8620  5570  7380  6990  6010  6640  7500  9180
GM12B   1900  5180 10170  4690  6720  6820  6190  4510  6700  6760  5500
GM12B   1910  5480  5740  5710  5050  4580  4140  7040  5530  4900  5450
GM12B   1920  6600  5590  3760  3600  2870  2540  2870  3520  4570  4170
GM12B   1930  3450  1950  2330  3240  1860  2250  2270  2990  4750  3750
GM12B   1940  3870  3450  2710  2810  2730  2930  1860  3710  3890  4550
GM12B   1950  3350  3880  3120  2750  1550  3700  3420  3050  2820  2040
GM12B   1960  2240  1040  1330  1350  1410  1210  2070  1450  1690  2680
GM12B   1970  3150  3810  2840  2580  2660  2600  3250  2750  2230  2890
GM12B   1980  2590  2340  2780  2660  3160  2380  3180  2640  1250  2060
GM12B   1990  2080  1040  1490  3160  3430  6340  4180  4400  6720  2450
GM12B   2000  2160  2760  1450  1870  2130  2490  1750  2460  1850  1880
GM12B   2010  2380  3930  1710  3000  3640 -9999
GM13A   1873  3390  9220  4270  3940  6290  5230  6340
GM13A   1880  5960  6040  2650  3740  6000  5700  4120  8360  7270  4530
GM13A   1890  4430  3460  3050  2790  3200  2790  2320  1670  1760  3000
GM13A   1900   300   370   280   290   170  1940  2590  3770  2810  2870
GM13A   1910  3490  3740 13020  4410  5500  4260  4420  4410  3640  4220
GM13A   1920  4740  3800  3990  3610  2460  2000  1780  1960  2510  3050
GM13A   1930  2020  1460  2100  2910  4180  4620  3400  2820  4540  6160
GM13A   1940  4150  3010  3350  3630  2870  3030  1930  3390  4370  5500
GM13A   1950  4590  5140  4470  4600  3320  3630  3370  2980  2700  2160
GM13A   1960  2690  1970  3690  5020  4870  3480  4280  2170  2000  2550
GM13A   1970  3572  3572  3572  5420  3580  3180  4210  3500  3170  4160
GM13A   1980  3930  4800  4060  3400  2660  5020  4890  6450  8040  3970
GM13A   1990  3300  3220  3090  2360  3400  2840  4510  4420  4680  4600
GM13A   2000  4500  2600  2420  1890  2400  1860  1200  1190  2890  3300
GM13A   2010  4940  2660  1510 -9999
GM13B   1859 10500
GM13B   1860  8370  7450  8520  6480  5850  5080  6690  8710  4880  4190
GM13B   1870  4810  4190  4250  6710  3240  5060  3930  5700  5830  6210
GM13B   1880  5120  7690  4420  4560  6790  6890  6450  6890  3960  2140
GM13B   1890  2330  2610  3340  2880  2940  2920  2330  1710  1980  3040
GM13B   1900   440   520   860  2950  3100  3010  2110  2050  3900  3890
GM13B   1910  3680  4190  5410  4920  4810  3590  2930  3990  4770  4470
GM13B   1920  5450  4690  4970  3960  3720  2890  2520  2900  3950  3840
GM13B   1930  3200  2390  3090  3290  3590  4880  3320  3230  3280  4900
GM13B   1940  3020  2590  2980  4250  3910  3420  3080  6000  3680  5260
GM13B   1950  4920  4480  6250  4470  3980  4130  4730  3600  4290  2650
GM13B   1960  2840  1920  2790  8010  4110  3390  2290  1510   820  1270
GM13B   1970  1470  1220  1020  1190  2520  2870  3470  3230  2870  3690
GM13B   1980  5350  4880  4990  6020  4040  4390  3540  4200  5390  2910
GM13B   1990  3050  3810  4360  3090  3290  3520  3220  4610  4490  3780
GM13B   2000  4770  4310  3310  2570  2560  3160  1680  3620  4070  2620
GM13B   2010  2670  3200   830   420   310 -9999
GM16A   1879  2100
GM16A   1880  2070  6620  5340  7870  6240  5920  3860  4790  3500  3370
GM16A   1890  5080  4670  3510  5940  8570  7490  8310 10240  9910  2380
GM16A   1900  2910  3740  4870  6170  7900  6680  6510  8080  6620  6900
GM16A   1910  4970  8080 10520 10390 10120  4550  3620  5320  5280  6590
GM16A   1920  6580  7320  7410  7100  5370  5870  7240  5350  8320  5600
GM16A   1930  2970  1140  2560  4100  4900  4080  4010  4360  9110  8920
GM16A   1940  8010  5850  4560  2950  2110  1670   940  2410  2990  4140
GM16A   1950  3420  3220  2560  2290  1980  3180  3810  2990  1970  1670
GM16A   1960  1520  1350  1710  2130  1980  2630  2920  2620  3680  4150
GM16A   1970  2960  2380  2440  1900  2460  2320  2710  2210  2740  3180
GM16A   1980  2780  2590  2940  2220  2330  1830  1780  1410  1420  1500
GM16A   1990  1510  1060  1430  1220  1670  1740  1090  1450  1210   720
GM16A   2000  1150   990  1370  1590  1700  1010  1200  1720   660   920
GM16A   2010   550  1070 -9999
GM16B   1895  3040  3690  8210  8320  1710
GM16B   1900  1890  2140  2420  7300  9290  6890  7240  7020  7360  9180
GM16B   1910  5910  6690  7250  8580 11120 11470 11910 10590  7710  8790
GM16B   1920  7730  8180  6690  4510  4970  5140  6090  6900  8540  7390
GM16B   1930  6580  3940  5410  6170  7010  7340  8430  9560  9400  8850
GM16B   1940  5800  5470  4840  5590  5540  3790  4220  7430  5150  6000
GM16B   1950  4870  6510  7550  6270  3530  3910  4540  3470  2460  2580
GM16B   1960  2270  3040  4400  5140  3990  4030  2890  2190  3270  3530
GM16B   1970  3560  3700  3040  3050  3040  2800  3050  2860  2950  2910
GM16B   1980  2590  3350  3280  2110  3110  2910  2510  2150  1980  2390
GM16B   1990  2680  3310  2960  3150  2790  2190  1670  1670  1920  1840
GM16B   2000  2190  1420  1960  1590  1800  1520  1380  2150  1320  2200
GM16B   2010  1640  1900  1010 -9999
