GM01A   1882  2400  2400  3560  3220  3030  3330  2780  2920
GM01A   1890  3830  4150  3540  3830  3630  3320  3950  3290  3150  4360
GM01A   1900  4570  3710  3530  2710  3470  2870  2730  2440  2540  2580
GM01A   1910  2570  2540  2330  2360  2820  2540  2180  2720  2890  3570
GM01A   1920  3260  4090  4190  4060  3140  2930  2920  2280  3570  3510
GM01A   1930  3250  2500  2500  3480  3050  2260  3450  3870  4460  3690
GM01A   1940  3160  2430  2900  2670  2560  1650  1610  2130  2200  2720
GM01A   1950  2720  2510  2580  2800  1700  1750  2260  2290  1620  1620
GM01A   1960  2450  1860  1260  2290  2000  1920  1940  1830  1250  1810
GM01A   1970  2300  1740  1880  1510  1490  1340  1610  1950  1290   710
GM01A   1980   930  1390  2000  1860  1950  1220  1720  1600  1970  1840
GM01A   1990  2730  2310  1430  1760  2090  2900  1980  1970  2020  2980
GM01A   2000  2800  2790  2350  1830  1680  2110  2320  2130  1550  1500
GM01A   2010  2820  1810  1490  1810  1610 -9999
GM01B   1875  5620  4550  4860  3330  2840
GM01B   1880  2390  4220  2970  2430  4180  4430  3500  4400  3410  3730
GM01B   1890  4290  6280  4810  4080  3860  3190  4620  3430  3940  3820
GM01B   1900  3530  4260  4520  3740  4210  5110  4620  4620  4410  5420
GM01B   1910  5640  4100  3660  3420  3890  3380  3080  3670  3770  3960
GM01B   1920  3750  5000  4500  4910  3460  3400  3600  2710  3670  2560
GM01B   1930  2880  2110  2600  4020  3460  3170  3570  4020  6440  5150
GM01B   1940  5000  3590  3540  3180  3210  2420  2300  2330  2510  2690
GM01B   1950  3190  2590  4330  3140  3100  3210  3230  3950  3030  2970
GM01B   1960  2880  2370  1320  3890  2900  3060  2680  2490  1870  3090
GM01B   1970  3010  2610  2600  2230  2610  2280  2940  2630  2460  1900
GM01B   1980  1610  2080  2030  2250  2390  1840  2450  3100  2270  2510
GM01B   1990  2890  3420  2210  1800  1980  2630  2550  3100  2140  2940
GM01B   2000  2690  2670  2840  2300  1810  2300  1660  1560  2090  1550
GM01B   2010  2570  2000  1380  1540  1520 -9999
GM02A   1862  3390  3520  7490  3970  4130  3440  3830  2860
GM02A   1870  3290  9150  3800  5000  5120  3480  4630  4750  4700  4060
GM02A   1880  4120  4600  3390  2790  3810  3630  4130  4790  3670  3940
GM02A   1890  3450  4660  2900  2650  3200  3370  3770  4140  3350  4500
GM02A   1900  3540  4030  3000  2770  3120  2610  2670  2250  3000  2560
GM02A   1910  2780  3160  3530  3480  3450  3180  2160  2990  4250  3770
GM02A   1920  5290  4070  4040  3830  2930  2840  2870  2830  4000  3380
GM02A   1930  2690  2180  2020  2860  2990  1670  3210  4060  3260  3270
GM02A   1940  3310  2960  2410  2410  2720  1770  1570  1710  2060  2260
GM02A   1950  1900  1850  2080  2220  1360  2390  2170  2070  2090  1630
GM02A   1960  1520  1610  1290  1340  1360  1650  1280  1090  1330  1910
GM02A   1970  1670  1860  1690  1960  1930  1990  1550  1750  1450  1430
GM02A   1980  1390  1500  1380  1640  1970  1570  1630  1760  2440  2160
GM02A   1990  2040  2350  1630  1530  2430  2140  2000  1630  2030  1750
GM02A   2000  2020  2300  1890  1560  1490  1640   500  1620  1540  1840
GM02A   2010  2710  2120  1680  1550   470 -9999
GM02B   1909  2710
GM02B   1910  2520  3390  2930  1150  1510  2990  2100  3260  3240  3580
GM02B   1920  4540  3230  3340  3010  2700  2830  2340  2600  3050  2330
GM02B   1930  1690  1420  1220  2150  2460  2180  2620  4070  4600  5520
GM02B   1940  3880  2830  2100  2030  3180  1850  1670  1750  2240  3130
GM02B   1950  2210  2550  2670  2150  1190  1880  1510  1580  1770  1110
GM02B   1960  1030  1260  1290  1270  1230  1510  1410  1030  1650  2210
GM02B   1970  1960  1860  2490  2160  1750  1680  2130  2190  1340  1890
GM02B   1980  1230  1630  1190  1830  1750  1550  1620  1380  1260  1690
GM02B   1990  1210  1250  1090   990  2120  1630  1610  1780  1970  1600
GM02B   2000  1530  1420  1270   970  1280   970   120   600   490   460
GM02B   2010   300   190   200   180 -9999
GM03A   1921  3670  4420  2310  2160  2240  3550  2500  2630  1360
GM03A   1930  1460  1630  2440  2360  3190  2360  2220  2060  2780  2400
GM03A   1940  1990  1470  1750  1560  1460  1350  1110  1090   860  1940
GM03A   1950  1610   870   760  1180   860  1010  1810  1130   390  1610
GM03A   1960  1710  1030   720   680   770  1380  1430  1030   790  1500
GM03A   1970  1610  2420  2280  1700  1360  1150  1770  1060   930   330
GM03A   1980   510   690   880  1240  1270  1250  1360  1310  1290  2000
GM03A   1990  1260  1590  1750  1930  1230  1460  1830  1310  1680  1400
GM03A   2000  1240  2560  1320  1950  1960  1940  1160  1190  1700  1450
GM03A   2010  2290  2280  1950  1930  2160 -9999
GM07B   1918  6520  6550
GM07B   1920  5670  7450  6460  9090  8780  7420  7690  5910  9370 10030
GM07B   1930  6590  5360 10790 10230 10790  9490 13740 10070 11170 13700
GM07B   1940 11250 13260 10460 16450 12920 10940  8400 13680 15280 14600
GM07B   1950 10220  8680  9190  8730  8200 11850  9010 11950  9530  5590
GM07B   1960 10430  8280  8180  9890  4020  7520  7360  3790  4520  7160
GM07B   1970  5060  2980  4380  2630  1960  2910  5810  5060  2700  2860
GM07B   1980  1710  3080  4610  1970  1450  2340  3680  3220  3810  2890
GM07B   1990  2090  1440  1190  1680  2940  3230  2440  3230  5320  4960
GM07B   2000  3870  4610  2080  2290  1490  1980  1540  3600  3010  2600
GM07B   2010  1670  2280  2680  3740  2790 -9999
GM07D   1930  7840  5720  8420 10500 12300 15720 14050  9620  8770 17250
GM07D   1940 13350 13170  8830 14540 16550 11300  9350 13590 15810 18510
GM07D   1950  9630 10440 10970  8540  8460 14810 12150 11090 12110  9640
GM07D   1960 13770  7860 17480  3700  7900  8310  4310  3790  5310  8000
GM07D   1970  7420  3530  5830  3390  3830  3610  8210  6520  3020  3920
GM07D   1980  3140  4190  5040  2950  1510  2290  4160  2810  3740  5040
GM07D   1990  3470  1980  1730  2510  2900  2510  1930  2760  6450  6690
GM07D   2000  4050  4880  2600  2140  2340  2020  1420  3620  2280  2910
GM07D   2010  4180  2060  2540  4960  2890 -9999
GM08A   1902 10880 11430 13520 13240 13100 10530  8380  7580
GM08A   1910  6590  9110  5870  6480  6510  5930  6870  5070  4130  4880
GM08A   1920  7060  6010  6050  5570  3220  2690  2410  4240  4920  4220
GM08A   1930  4470  2420  3730  3490  3530  4170  3360  4550  4700  5880
GM08A   1940  5960  4960  2230  2170  2320  1400  1250  2330  2790  4570
GM08A   1950  3410  3110  2370  1470   490  1410  2090  1570  1560  1670
GM08A   1960  1970  1220  2010  1530   890  2110  2110  1530  1810  3450
GM08A   1970  1880  1620  2080  1670  1590  1470  2010  2140  1970  1580
GM08A   1980  1220  2280  2010  1500  2130  1510  2310  2000  2860  1300
GM08A   1990  2250  1730  1880  1700  2220  1170  1790  2560  2470  2350
GM08A   2000  2980  3580  2940  3140  3180  1760  1780  2740  1470  2200
GM08A   2010  1970  1930  2710  1380  2400 -9999
GM08B   1898 11790  8270
GM08B   1900 11600 10040  8760 11660  9230  8050  9710  9250  8850  7410
GM08B   1910  9670 12330  8040 10690 10060  8490 10130  9570 10810  9230
GM08B   1920  9440  9860  8760  8420  6780  6780  5640  6690  7620  3790
GM08B   1930  4640  2550  5420  5640  6690  6700  8070  6380  5720  5480
GM08B   1940  5280  4070  2300  4240  4960  2820  2300  3180  3330  4460
GM08B   1950  1800  2360  2740  2700  2000  4050  5170  4980  1940  1510
GM08B   1960  2450  1140  2390  4390  2100  3200  4300  2090  1980  5040
GM08B   1970  3230  3730  3890  2240  2930  3030  4680  4980  4220  2030
GM08B   1980  2210  5090  6210  2250  5280  4540  4670  7320  4520  3410
GM08B   1990  4050  2990  4130  2990  3460  4260  6720  6110 10130  9460
GM08B   2000  9140  8950  3290  5270  3050  4740  2970  4830  2390  3450
GM08B   2010  5480  5170  5260  5810  8620 -9999
GM09A   1915  7860  7960  5640  5150  6710
GM09A   1920  5860  5340  6680  4160  4100  2620  3830  2930  3090  2230
GM09A   1930  2550  2170  3540  3870  2620  3790  3660  4040  6250  7320
GM09A   1940  5840  5070  3910  3500  4740  2210  1330  1480  1960  3520
GM09A   1950  2980  2950  3760  3200  1780  3340  5030  5240  3050  2550
GM09A   1960  3420  2120  2540  3450  3080  3410  3120  2080  2060  3350
GM09A   1970  3470  2060  4010  3920  2550  1840  3210  2690  4290  3320
GM09A   1980  1180  2130  3000  1970  2390  2770  1590  2080  2810  2760
GM09A   1990  2280  2310  2260  1040  3510  3980  3240  3680  2570  2910
GM09A   2000  2410  3330  2560  2670  2690  1200  1580  1240  1120  1470
GM09A   2010  2010  1040  1610  3140  2260 -9999
GM09B   1895  9140 10030 11060  7920  8600
GM09B   1900  5590  1780  7270  9450  9450  8310  7130  6490  6690  6800
GM09B   1910  4100  4910  5350  5610  5320  5430  6400  3240  2930  3800
GM09B   1920  5090  5370  5300  3440  3370  2650  3700  3140  3870  2850
GM09B   1930  2810  1770  3210  3510  3780  4060  5140  4510  5840  6280
GM09B   1940  5910  5260  3450  4600  5130  2240  1680  2490  2920  4320
GM09B   1950  3280  3640  4080  2400  1690  3430  4930  6340  2800  2140
GM09B   1960  4070  2580  2710  4720  3410  4030  4740  2440  2780  6150
GM09B   1970  4690  5000  5430  4140  3780  4180  5350  4510  4940  2720
GM09B   1980  1630  2360  2750  3840  4500  4730  5480  7320  5630  4610
GM09B   1990  3250  2710  3340  4480  3390  4600  6670  6130  4710  5690
GM09B   2000  4540  5370  3680  2510  2180  2640  2210  2630  1920  2170
GM09B   2010  2380  3310  2760  4890  6020 -9999
GM10A   1901 10710 11810  8300  7670 11080 14380  8010 15300  7180
GM10A   1910  7270  7470  6060  6010  6130  5850  5680  5630  7270  6740
GM10A   1920  6790  5940  6020  4820  3620  4400  4760  5060  5280  4860
GM10A   1930  4510  3070  6700  5150  4350  4990  4290  5010  8510  8530
GM10A   1940  9190  6670  3540  4130  3230  2420  1870  3000  4470  6420
GM10A   1950  5720  5360  6900  6280  3400  4190  5340  4410  3630  1990
GM10A   1960  2740  2110  2030  3670  2570  4110  4920  3290  2970  7010
GM10A   1970  5360  3220  4310  2910  2930  3410  3430  3420  3790  3080
GM10A   1980  3590  3760  3650  2570  3290  2920  2380  2700  2460  2470
GM10A   1990  2410  2340  2350  2140  4390  5650  4310  4350  2420  2880
GM10A   2000  2530  3140  2710  2020  1560  2200  1390  2500  2150  2250
GM10A   2010  1360  2010  2470  1660  3690 -9999
GM11A   1921 10680 10470  9420  8040  7090  7280  7590  9850  7340
GM11A   1930  7360  3720  7300  9460  8130  7260  7820  9220  7990 12410
GM11A   1940 10180 10180  6600  8730  9840  5270  3440  8110  8460 10690
GM11A   1950  8770  9360  8850  7680  1830  8780  8300 10500  6870  3360
GM11A   1960  4340  3580  6240  7750  4190  8020  6650  3210  2950  8690
GM11A   1970  7800  4950  6360  6650  4210  4920  7010  6450  6310  5250
GM11A   1980  2430  8470  8190  5300  3800  3950  6140  7140  5330  6810
GM11A   1990  7350  5860  3460  4540  5240  7880  6220  6130  8440  7230
GM11A   2000  5440  8050  5270  7190  6710  6780  2970  4890  4790  6460
GM11A   2010  6220  2700  2840  4880  4300 -9999
GM20A   1920  8010  7850  5230  2720  1740  6180  9660  5620  8830  7470
GM20A   1930  6140  6070  6450  6570  7410  5130  4610  4520 10290 11210
GM20A   1940  9720 10140  5460 11460  6330  6570  4010  8640  7150  7310
GM20A   1950  5340  7560  8900  7800  5310  7710  5720  6580  5160  5130
GM20A   1960  4790  4090  4130  6410  5030  7280  6270  4230  4320  5210
GM20A   1970  5650  5990  7830  4900  3490  3100  5120  4740  4840  3290
GM20A   1980  3970  3230  6350  5090  6710  5240  3930  4110  4180  3670
GM20A   1990  2650  2150  2260  1850  3840  1350  3230  2810  3770  1730
GM20A   2000  2230  1800  1750  1590  1900  1490  2170  1150   840   620
GM20A   2010   820   430   860   640   920   910 -9999
GM20B   1918  5860  7020
GM20B   1920  8860  7500  3810  2330  2270  8070 13440  9810 14630 15740
GM20B   1930  9600 13680  7350  5020  7490  7900  6340  5560 12730  8900
GM20B   1940  7170  6300  5700  7430  6270  3760  2450  3960  7120  7660
GM20B   1950  7930  7920  9530  6110  6610  6570  7200  6450  6140  5480
GM20B   1960  4970  3370  4800  6360  6810  7530  7790  4600  6010  6380
GM20B   1970  6850  5500  7860  4380  4800  4260  7790  6930  7080  3920
GM20B   1980  6080  5000  7550  5950  6490  5790  7030  5950  6510  4810
GM20B   1990  5220  3910  3550  6760  6540  6400  6480 15800  5320  3900
GM20B   2000  4970  7680  4920  4900  5510  4240  3490  4760  3710  7090
GM20B   2010  6490  7870  5690  6400  4850  4040 -9999
GM21A   1920  6870  5160  4880  6250  6140  8030  9410  6940 11260  8890
GM21A   1930  9300  3900  9000  9000  8070  6370  6730  9040  8620 13410
GM21A   1940 13470 10750 13930 15900 18230 21680  9500 14610 12170 18340
GM21A   1950  9880 10310 11300  7080  3960  5380  5900  7230  7570  8030
GM21A   1960  7000  5000  5720  7790  7980  7380  9250  8640  7910 11540
GM21A   1970 10590  7570  8300  6320  6910  7490  9420  8910  6830  7080
GM21A   1980  8510  7370  8850 10130  7750  6870  5810  6880  7190  4430
GM21A   1990  4830  5150  4920  5040  5770  6230  4590  4140  3770  5010
GM21A   2000  6320  5100  2940  3560  3100  2210  3010  3310  2890  3550
GM21A   2010  5140  3840  3150  3190  3540  3080 -9999
GM21B   1919  6120
GM21B   1920  6020  3860  7940  7180  6430  8620 11340  8160 13360 11740
GM21B   1930 11930  5540  9980  7440  6820  8090  5730  6670  9200 12170
GM21B   1940 12370 10070  8410  8000  8180  5160  4010  7740  9350 10740
GM21B   1950  8610  9370 12110  9270 12840 16110  7310  8500 10740 10660
GM21B   1960  9260  4660  5270  7500 11340  8870  8170  8580  6970  7990
GM21B   1970  6540  6670  7420  5950  5880  7350  7390  7280  6620  6280
GM21B   1980  7720  7570  8870  5570  8120  8050  6880  8800  6040  4570
GM21B   1990  4240  5000  4390  5550  6690  6600  5860  5900  5900  5670
GM21B   2000  5630  5420  4540  5060  4270  3940  3660  5160  3790  4620
GM21B   2010  4500  6880  5490  5370  5770  5460 -9999
GM22B   1913  5320  8260  5690  6340  6050  4750  6720
GM22B   1920  6180  5570  4960  4890  4250  4130  5050  5120  5870  6690
GM22B   1930  5270  4050  7050  4960  5170  6450  5560  4560  6460  5200
GM22B   1940  4770  4700  5670  4860  4480  2860  4580  6740  5850  7310
GM22B   1950  5150  4990  5580  5490  2150  4580  3910  3830  3070  2410
GM22B   1960  3380  2280  2930  2790  2670  2680  2500  1680  1420  2690
GM22B   1970  4120  4660  5940  4100  4130  3140  3100  3880  2950  1720
GM22B   1980  3010  2880  3870  3400  2610  2230  2200  2730  3080  2540
GM22B   1990  3350  4190  2730  1450  2500  3100  2270  2490  2480  2200
GM22B   2000  1350  3370  1600  2470  2750  2370  2390  2180  1550  1550
GM22B   2010  1280  2970  2330  1480  2150  2340 -9999
GM23A   1892  1650  1010  1320  1230  1250  1250  1850  1100
GM23A   1900  1630  2860  3570  2630  7600  9230 10380 10010 10900 13030
GM23A   1910  7440 11440  9420  8530  9910  8590 10100 10160  8070  9820
GM23A   1920  9660 11060 10440  9650  5530  5900  7960  6150  8830  8710
GM23A   1930  8770  6740  9070  8560  7700  5050  6490  6000  5950  7720
GM23A   1940  7240  8040  7920  8510  7080  3590  4920  7060  7090  8920
GM23A   1950  6790  5730  6450  5410  5470  6140  6450  7390  5660  5130
GM23A   1960  7830  4890  4820  7840  4600  6140  7730  4380  3040  5920
GM23A   1970  6550  4290  4400  4720  4890  4410  5910  6550  6550  4160
GM23A   1980  5270  4530  4950  4060  2910  2050  3320  2870  3200  1560
GM23A   1990  1020  2800  2130  1720  3370  5860  3920  4640  4460  5270
GM23A   2000  3870  5620  3390  3170  2640  1710  2130  1920  2200  2580
GM23A   2010  2230  2260  1990  3080  4420  3510 -9999
GM23B   1891  1640  1410   920  1350  1040  1120  1210  1960  1360
GM23B   1900  2060  2640  3340  2890  6650  8480  9000  8730 10340 10610
GM23B   1910  9010  9090  7850  7750  9410  8360  9320  9660  7880 12450
GM23B   1920  9380  8660  8640  8560  5600  5370  8540  6480  8250  6310
GM23B   1930  6290  4780  5900  6060  8160  6300  6730  4570  3940  6930
GM23B   1940  7130  7000  6880  6060  6690  6180     0  5590  6980  7080
GM23B   1950  9130  6410  1630  7310  5030  7410  6400  6590  4100  4290
GM23B   1960  5450  2500  3380  5700  2890  4740  6030  4250  3320  2320
GM23B   1970  4990  4300  5860  5900  3900  3050  4420  4200  4230  3770
GM23B   1980  5040  2830  3970  4440  4470  2490  1860  2120  2040  2080
GM23B   1990  1340  1530  1290  1050  3550  4370  2610  3140  3920  4240
GM23B   2000  5250  6450  2660  4880  2950  1550  2240  1540  2200  1340
GM23B   2010  1640  1780  2330  1960  2980  2790 -9999
GM24B   1906  7170 11280 13670  9600
GM24B   1910  5510  6440  5980  8230  8350  7530 12880 10840  7180  8380
GM24B   1920  9570  9140  8800  8610  5890  6590  8450  6970  8490  7220
GM24B   1930  7090  4610  8290  6820  6410  5180  6240  5640  7280  6370
GM24B   1940  5800  6000  4250  6020  6870  3320  3580  5910  5290  5910
GM24B   1950  4860  4210  4650  4760  4720  8240  7760 10370  4720  5210
GM24B   1960  6620  3280  3050  3230  2650  3880  5790  4680  3020  6120
GM24B   1970  4570  3230  2610  2740  2150  2820  3880  4910  3820  2430
GM24B   1980  2630  3180  4470  4220  3890  4090  4710  4810  1910  1690
GM24B   1990  1760  1960  2440  2070  2900  3880  1620  2870  4060  4670
GM24B   2000  4590  6010  4080  4130  1700  1370  1860  3110  1710  1550
GM24B   2010  2560  3710  1900  1580  2480  2400 -9999
GM26A   1941  8100  4210  6520  7720  6450  6100  7570  7480  8430
GM26A   1950  5450  5810  6360  6140  4430  5910  6380  8840  5980  5830
GM26A   1960  8310  4590  4240  6720  4710  4320  5150  4950  3440  5850
GM26A   1970  6210  4750  4840  4330  4680  4000  7200  5120  4690  4060
GM26A   1980  3560  4470  4310  3840  4560  3670  4080  4690  4800  4380
GM26A   1990  4270  3020  2540  3390  4160  3980  3270  3610  4940  4240
GM26A   2000  2650  4730  3020  2170  3420  3340  3150  3530  2380  2810
GM26A   2010  2990  1910  3330  2020  3380  3660 -9999
GM26B   1922 13700  9060  7840 11230  7670  4020  5270 12790
GM26B   1930 10030  5450 11910 10270  7770  7420  7620  7840  7760  8950
GM26B   1940  9170  7960  5030  6610  7200  7130  6490  8760  8710 10380
GM26B   1950  7280  6490  7640  6260  4310  7120  5890  6150  7140  6960
GM26B   1960  8460  5540  5900  8360  6330  4520  5450  4350  4240  6730
GM26B   1970  6440  6140  5250  4530  3970  3970  5490  5640  4790  4460
GM26B   1980  4410  4750  2900  3210  4220  3850  4750  4160  4180  4090
GM26B   1990  4750  4020  3440  3350  4810  4550  3650  3690  4470  3130
GM26B   2000  2760  5010  3690  3640  4380  5200  3420  4740  3330  3770
GM26B   2010  4940  2770  3580  2310  3080  3290 -9999
GM27B   1951  7980  6420  3560  3410  3580  4570  5170  3670  3930
GM27B   1960  3540  1980  2230  3230  2170  2870  2680  2410  2680  4220
GM27B   1970  3260  1990  1980  2200  1670  1960  2040  2800  1940   730
GM27B   1980   640   580   670  1590  1560  2020  2740  2100  1230  1240
GM27B   1990  1390  1270  1830  2580  1880  2510  1950  1880  1510  1580
GM27B   2000  1490  3160  1670  1730  1640  1080   860  1640  1220  1460
GM27B   2010  1360  2500   740  1400   860  1730 -9999
